# model = /Users/alexwolf/hholtz/01_projects/1512_scanpy/scanpy/scanpy/sim_models/krumsiek11.txt
# tmax = 160
# branching = True
# nrRealizations = 4
# noiseObs = 0
# noiseDyn = 0.001
# seed = 0
# it   Gata2   Gata1    Fog1    EKLF    Fli1     SCL   Cebpa    Pu.1    cJun  EgrNab    Gfi1
   0  0.8032 -0.0005 -0.0001  0.0003  0.0013  0.0011  0.7997  0.8017  0.0006  0.0009  0.0002
   1  0.7239  0.0016 -0.0003 -0.0010  0.0011  0.0022  0.8195  0.7256  0.0784  0.0077  0.0941
   2  0.6578  0.0013 -0.0010 -0.0027  0.0025  0.0011  0.8358  0.6624  0.1105  0.0239  0.1497
   3  0.5972  0.0038 -0.0009 -0.0064  0.0007 -0.0036  0.8534  0.5992  0.1271  0.0311  0.1702
   4  0.5396  0.0071 -0.0029 -0.0063  0.0011 -0.0070  0.8656  0.5470  0.1385  0.0379  0.1752
   5  0.4897  0.0110 -0.0023 -0.0061  0.0013 -0.0034  0.8759  0.4998  0.1496  0.0459  0.1747
   6  0.4449  0.0153 -0.0020 -0.0089  0.0003 -0.0057  0.8854  0.4516  0.1569  0.0489  0.1727
   7  0.4078  0.0131 -0.0013 -0.0121 -0.0024 -0.0076  0.8986  0.4096  0.1666  0.0556  0.1661
   8  0.3719  0.0156  0.0021 -0.0105 -0.0007 -0.0066  0.9062  0.3742  0.1731  0.0631  0.1623
   9  0.3424  0.0175  0.0027 -0.0083 -0.0045 -0.0017  0.9135  0.3433  0.1781  0.0698  0.1565
  10  0.3143  0.0179 -0.0001 -0.0100 -0.0042 -0.0039  0.9191  0.3175  0.1891  0.0785  0.1473
  11  0.2900  0.0215 -0.0007 -0.0069 -0.0034 -0.0018  0.9280  0.2934  0.1988  0.0844  0.1371
  12  0.2674  0.0255 -0.0020 -0.0074 -0.0030 -0.0013  0.9373  0.2749  0.2103  0.0942  0.1301
  13  0.2519  0.0284 -0.0011 -0.0029 -0.0037 -0.0022  0.9424  0.2600  0.2211  0.1020  0.1193
  14  0.2353  0.0371  0.0009 -0.0017 -0.0018  0.0000  0.9492  0.2439  0.2336  0.1114  0.1089
  15  0.2210  0.0413  0.0009 -0.0028  0.0019  0.0025  0.9503  0.2353  0.2473  0.1219  0.1018
  16  0.2077  0.0423  0.0003 -0.0016  0.0047  0.0057  0.9527  0.2248  0.2645  0.1389  0.0915
  17  0.1986  0.0464 -0.0005  0.0012  0.0025  0.0081  0.9551  0.2187  0.2866  0.1572  0.0846
  18  0.1914  0.0531  0.0020  0.0035  0.0022  0.0143  0.9573  0.2117  0.3103  0.1756  0.0761
  19  0.1818  0.0613  0.0037  0.0063  0.0018  0.0179  0.9579  0.2034  0.3332  0.2000  0.0722
  20  0.1734  0.0666  0.0069  0.0066  0.0053  0.0218  0.9585  0.2051  0.3505  0.2227  0.0672
  21  0.1720  0.0715  0.0052  0.0112  0.0066  0.0260  0.9586  0.2025  0.3742  0.2433  0.0567
  22  0.1638  0.0762  0.0084  0.0177  0.0096  0.0289  0.9655  0.1981  0.3971  0.2726  0.0492
  23  0.1556  0.0826  0.0090  0.0151  0.0125  0.0374  0.9661  0.1974  0.4208  0.2965  0.0461
  24  0.1515  0.0831  0.0117  0.0169  0.0101  0.0385  0.9724  0.1936  0.4450  0.3236  0.0395
  25  0.1475  0.0821  0.0123  0.0174  0.0150  0.0429  0.9757  0.1898  0.4697  0.3503  0.0346
  26  0.1480  0.0842  0.0137  0.0186  0.0133  0.0468  0.9751  0.1900  0.4953  0.3773  0.0297
  27  0.1440  0.0870  0.0101  0.0184  0.0152  0.0544  0.9734  0.1893  0.5165  0.4037  0.0264
  28  0.1463  0.0892  0.0090  0.0231  0.0156  0.0551  0.9760  0.1906  0.5320  0.4323  0.0203
  29  0.1413  0.0919  0.0085  0.0255  0.0193  0.0594  0.9795  0.1887  0.5534  0.4581  0.0198
  30  0.1415  0.0919  0.0067  0.0273  0.0218  0.0629  0.9853  0.1891  0.5680  0.4826  0.0224
  31  0.1385  0.0952  0.0072  0.0306  0.0209  0.0687  0.9866  0.1904  0.5856  0.5025  0.0213
  32  0.1386  0.0993  0.0075  0.0265  0.0268  0.0730  0.9878  0.1916  0.6031  0.5224  0.0198
  33  0.1337  0.1011  0.0061  0.0237  0.0242  0.0751  0.9897  0.1885  0.6190  0.5403  0.0177
  34  0.1318  0.1009  0.0046  0.0278  0.0267  0.0793  0.9925  0.1892  0.6339  0.5546  0.0173
  35  0.1295  0.1035  0.0074  0.0300  0.0266  0.0817  0.9967  0.1855  0.6451  0.5754  0.0171
  36  0.1284  0.1001  0.0063  0.0299  0.0293  0.0868  0.9949  0.1841  0.6546  0.5917  0.0112
  37  0.1246  0.1018  0.0112  0.0354  0.0264  0.0901  0.9949  0.1886  0.6651  0.6068  0.0119
  38  0.1230  0.1057  0.0079  0.0353  0.0300  0.0972  0.9890  0.1858  0.6758  0.6210  0.0118
  39  0.1184  0.1040  0.0087  0.0357  0.0303  0.0996  0.9889  0.1861  0.6811  0.6300  0.0092
  40  0.1191  0.1036  0.0092  0.0322  0.0303  0.1016  0.9881  0.1853  0.6913  0.6417  0.0084
  41  0.1198  0.1035  0.0052  0.0332  0.0306  0.1001  0.9874  0.1870  0.7005  0.6513  0.0069
  42  0.1171  0.1055  0.0055  0.0339  0.0303  0.1041  0.9877  0.1889  0.7091  0.6590  0.0077
  43  0.1157  0.1066  0.0084  0.0349  0.0303  0.1031  0.9882  0.1905  0.7142  0.6705  0.0064
  44  0.1160  0.1097  0.0087  0.0341  0.0321  0.1078  0.9902  0.1886  0.7201  0.6802  0.0046
  45  0.1141  0.1096  0.0116  0.0362  0.0363  0.1088  0.9904  0.1884  0.7225  0.6883  0.0035
  46  0.1185  0.1081  0.0096  0.0351  0.0363  0.1055  0.9888  0.1909  0.7314  0.6989  0.0051
  47  0.1174  0.1046  0.0098  0.0370  0.0369  0.1061  0.9890  0.1883  0.7348  0.7054  0.0022
  48  0.1135  0.1022  0.0110  0.0408  0.0330  0.1091  0.9909  0.1905  0.7427  0.7131 -0.0011
  49  0.1121  0.1003  0.0074  0.0365  0.0365  0.1053  0.9905  0.1945  0.7472  0.7213 -0.0017
  50  0.1081  0.1033  0.0071  0.0346  0.0347  0.1052  0.9898  0.1982  0.7510  0.7302 -0.0023
  51  0.1103  0.1027  0.0079  0.0363  0.0340  0.1067  0.9896  0.1997  0.7534  0.7336 -0.0017
  52  0.1047  0.1011  0.0097  0.0364  0.0325  0.1058  0.9923  0.1992  0.7573  0.7389 -0.0003
  53  0.1025  0.0991  0.0093  0.0366  0.0337  0.1076  0.9941  0.2040  0.7612  0.7454 -0.0040
  54  0.1005  0.0926  0.0114  0.0321  0.0336  0.1090  0.9901  0.2098  0.7634  0.7517 -0.0053
  55  0.0997  0.0921  0.0115  0.0339  0.0349  0.1073  0.9903  0.2147  0.7698  0.7554 -0.0021
  56  0.0951  0.0846  0.0111  0.0332  0.0301  0.1033  0.9878  0.2235  0.7738  0.7626  0.0029
  57  0.0924  0.0828  0.0075  0.0315  0.0260  0.1016  0.9870  0.2298  0.7837  0.7651  0.0008
  58  0.0834  0.0783  0.0061  0.0319  0.0253  0.0989  0.9901  0.2409  0.7928  0.7706  0.0024
  59  0.0813  0.0749  0.0031  0.0287  0.0255  0.0924  0.9896  0.2546  0.7998  0.7774 -0.0016
  60  0.0768  0.0739  0.0021  0.0278  0.0231  0.0906  0.9857  0.2699  0.8083  0.7835 -0.0024
  61  0.0722  0.0680  0.0031  0.0277  0.0217  0.0858  0.9876  0.2841  0.8176  0.7923  0.0003
  62  0.0674  0.0627  0.0038  0.0277  0.0194  0.0808  0.9897  0.3011  0.8278  0.8008 -0.0021
  63  0.0631  0.0582  0.0021  0.0274  0.0150  0.0737  0.9927  0.3201  0.8357  0.8083  0.0001
  64  0.0613  0.0532  0.0057  0.0297  0.0130  0.0709  0.9939  0.3414  0.8409  0.8186 -0.0032
  65  0.0579  0.0485  0.0053  0.0274  0.0107  0.0615  0.9973  0.3643  0.8514  0.8257 -0.0039
  66  0.0535  0.0452  0.0050  0.0238  0.0132  0.0566  0.9986  0.3888  0.8545  0.8368  0.0008
  67  0.0477  0.0400  0.0042  0.0218  0.0116  0.0498  0.9957  0.4158  0.8616  0.8432  0.0028
  68  0.0469  0.0364  0.0036  0.0232  0.0097  0.0487  0.9951  0.4458  0.8701  0.8508  0.0007
  69  0.0389  0.0306  0.0076  0.0225  0.0100  0.0461  0.9950  0.4745  0.8801  0.8617 -0.0010
  70  0.0382  0.0282  0.0055  0.0210  0.0079  0.0401  0.9959  0.5078  0.8884  0.8711 -0.0010
  71  0.0349  0.0258  0.0073  0.0155  0.0071  0.0379  0.9961  0.5373  0.8909  0.8802 -0.0034
  72  0.0320  0.0208  0.0082  0.0151  0.0080  0.0346  0.9989  0.5653  0.8929  0.8879 -0.0034
  73  0.0293  0.0187  0.0041  0.0176  0.0085  0.0329  1.0026  0.5954  0.9017  0.8970 -0.0010
  74  0.0240  0.0158  0.0022  0.0167  0.0050  0.0303  1.0038  0.6247  0.9094  0.9030  0.0002
  75  0.0220  0.0090 -0.0012  0.0165  0.0034  0.0272  1.0070  0.6518  0.9158  0.9111  0.0011
  76  0.0211  0.0078  0.0003  0.0161  0.0044  0.0248  1.0038  0.6807  0.9249  0.9182 -0.0004
  77  0.0172  0.0098 -0.0039  0.0135  0.0038  0.0226  1.0018  0.7108  0.9311  0.9203  0.0011
  78  0.0169  0.0092 -0.0026  0.0159  0.0003  0.0222  1.0008  0.7342  0.9365  0.9253 -0.0024
  79  0.0167  0.0094 -0.0009  0.0104  0.0012  0.0208  1.0022  0.7559  0.9428  0.9311  0.0006
  80  0.0185  0.0098 -0.0003  0.0101 -0.0013  0.0189  0.9999  0.7761  0.9460  0.9362  0.0030
  81  0.0154  0.0114  0.0026  0.0074 -0.0037  0.0172  0.9994  0.7940  0.9499  0.9424 -0.0009
  82  0.0126  0.0088  0.0024  0.0053  0.0001  0.0156  1.0002  0.8087  0.9503  0.9475 -0.0000
  83  0.0134  0.0109  0.0041  0.0088 -0.0014  0.0132  0.9984  0.8265  0.9490  0.9501 -0.0007
  84  0.0125  0.0123  0.0074  0.0102 -0.0061  0.0118  0.9963  0.8391  0.9515  0.9545 -0.0025
  85  0.0107  0.0062  0.0096  0.0118 -0.0063  0.0124  0.9984  0.8514  0.9559  0.9538 -0.0040
  86  0.0059  0.0064  0.0085  0.0098 -0.0053  0.0137  0.9971  0.8692  0.9585  0.9517 -0.0023
  87  0.0021  0.0086  0.0082  0.0063 -0.0020  0.0124  0.9969  0.8816  0.9620  0.9576 -0.0047
  88  0.0020  0.0108  0.0068  0.0048 -0.0022  0.0107  0.9977  0.8923  0.9618  0.9594 -0.0029
  89 -0.0007  0.0139  0.0069  0.0037  0.0010  0.0110  0.9976  0.9006  0.9620  0.9634 -0.0037
  90 -0.0030  0.0166  0.0068  0.0059  0.0021  0.0133  0.9994  0.9091  0.9675  0.9675 -0.0059
  91  0.0008  0.0137  0.0064  0.0065  0.0014  0.0107  1.0005  0.9129  0.9680  0.9715 -0.0038
  92  0.0013  0.0093  0.0072  0.0065  0.0038  0.0074  0.9998  0.9200  0.9722  0.9696 -0.0059
  93 -0.0029  0.0144  0.0078  0.0070  0.0060  0.0031  1.0009  0.9250  0.9704  0.9735 -0.0061
  94 -0.0020  0.0116  0.0036  0.0052  0.0057  0.0038  0.9996  0.9346  0.9716  0.9735 -0.0105
  95 -0.0033  0.0080  0.0035  0.0036  0.0017  0.0006  1.0053  0.9462  0.9707  0.9710 -0.0066
  96 -0.0007  0.0108  0.0061  0.0022  0.0002  0.0006  1.0030  0.9457  0.9736  0.9694 -0.0085
  97 -0.0025  0.0108  0.0093  0.0052 -0.0024 -0.0026  1.0027  0.9527  0.9752  0.9695 -0.0089
  98 -0.0053  0.0130  0.0116  0.0052 -0.0019 -0.0026  1.0038  0.9568  0.9781  0.9704 -0.0043
  99 -0.0068  0.0112  0.0093 -0.0005 -0.0010 -0.0036  1.0003  0.9568  0.9795  0.9688 -0.0049
 100 -0.0074  0.0139  0.0063 -0.0010 -0.0047 -0.0024  0.9981  0.9605  0.9802  0.9699 -0.0049
 101 -0.0061  0.0137  0.0035  0.0012 -0.0037 -0.0012  0.9979  0.9641  0.9809  0.9701 -0.0066
 102 -0.0059  0.0165  0.0025  0.0017 -0.0053  0.0005  0.9960  0.9642  0.9795  0.9754 -0.0068
 103 -0.0045  0.0184  0.0014  0.0040 -0.0033  0.0004  0.9965  0.9577  0.9801  0.9744 -0.0065
 104 -0.0043  0.0163  0.0025  0.0038  0.0009 -0.0003  0.9945  0.9593  0.9806  0.9747 -0.0044
 105 -0.0045  0.0147  0.0030  0.0044  0.0015  0.0000  0.9942  0.9609  0.9830  0.9734 -0.0003
 106 -0.0047  0.0131  0.0037 -0.0018  0.0018  0.0049  0.9941  0.9631  0.9853  0.9728  0.0013
 107  0.0002  0.0101  0.0029 -0.0029  0.0058  0.0068  0.9959  0.9660  0.9824  0.9748 -0.0022
 108  0.0016  0.0111  0.0001 -0.0078  0.0081  0.0064  0.9959  0.9716  0.9835  0.9735 -0.0042
 109  0.0025  0.0106 -0.0023 -0.0085  0.0085  0.0027  0.9943  0.9753  0.9868  0.9730 -0.0021
 110  0.0027  0.0092 -0.0021 -0.0051  0.0070  0.0048  0.9943  0.9794  0.9826  0.9674 -0.0006
 111  0.0042  0.0062  0.0020 -0.0054  0.0056  0.0059  0.9933  0.9829  0.9873  0.9668  0.0006
 112  0.0039  0.0068  0.0009 -0.0043  0.0046  0.0025  0.9921  0.9870  0.9891  0.9643  0.0000
 113  0.0028  0.0096 -0.0007 -0.0031  0.0057  0.0042  0.9922  0.9837  0.9896  0.9661 -0.0009
 114  0.0019  0.0047 -0.0007 -0.0082  0.0065  0.0035  0.9948  0.9885  0.9905  0.9749  0.0027
 115  0.0028  0.0038  0.0001 -0.0087  0.0040  0.0014  0.9908  0.9901  0.9883  0.9756  0.0049
 116  0.0039  0.0005  0.0006 -0.0096 -0.0003  0.0012  0.9952  0.9904  0.9888  0.9733  0.0042
 117  0.0050 -0.0023 -0.0001 -0.0071  0.0023  0.0027  0.9925  0.9893  0.9932  0.9762  0.0070
 118  0.0012 -0.0036 -0.0023 -0.0031 -0.0015  0.0026  0.9942  0.9892  0.9905  0.9751  0.0051
 119  0.0040 -0.0063 -0.0019 -0.0054  0.0018 -0.0013  0.9924  0.9932  0.9899  0.9769  0.0043
 120  0.0063 -0.0024 -0.0017 -0.0035  0.0039 -0.0023  0.9944  0.9919  0.9901  0.9737  0.0036
 121  0.0058 -0.0052 -0.0013 -0.0040  0.0065 -0.0003  0.9961  0.9918  0.9902  0.9757  0.0085
 122  0.0018 -0.0063  0.0011 -0.0058  0.0093  0.0018  0.9963  0.9893  0.9866  0.9750  0.0094
 123  0.0022 -0.0093  0.0020 -0.0062  0.0066  0.0022  0.9980  0.9903  0.9829  0.9705  0.0088
 124  0.0019 -0.0062  0.0016 -0.0047  0.0062  0.0021  0.9974  0.9918  0.9846  0.9692  0.0120
 125 -0.0005 -0.0015  0.0002 -0.0034  0.0061  0.0036  0.9996  0.9918  0.9850  0.9668  0.0124
 126 -0.0016 -0.0014 -0.0024 -0.0052  0.0070  0.0029  1.0000  0.9946  0.9850  0.9632  0.0118
 127 -0.0015 -0.0043 -0.0008 -0.0037  0.0049 -0.0014  0.9971  0.9967  0.9822  0.9612  0.0098
 128 -0.0000 -0.0043 -0.0004 -0.0035  0.0081 -0.0023  1.0001  0.9934  0.9818  0.9589  0.0120
 129  0.0027 -0.0074 -0.0033 -0.0043  0.0075  0.0013  0.9986  0.9908  0.9843  0.9579  0.0108
 130  0.0019 -0.0079 -0.0030 -0.0035  0.0092  0.0040  0.9993  0.9894  0.9820  0.9598  0.0080
 131  0.0006 -0.0051 -0.0023 -0.0014  0.0091  0.0008  0.9975  0.9897  0.9811  0.9603  0.0096
 132 -0.0002 -0.0048 -0.0008  0.0030  0.0075  0.0011  1.0006  0.9884  0.9795  0.9586  0.0092
 133  0.0023 -0.0038  0.0014  0.0040  0.0067  0.0015  1.0028  0.9882  0.9801  0.9605  0.0036
 134  0.0014 -0.0065  0.0020  0.0036  0.0056  0.0016  1.0036  0.9893  0.9826  0.9663  0.0010
 135 -0.0007 -0.0055 -0.0049  0.0039  0.0080  0.0025  1.0024  0.9888  0.9850  0.9644  0.0024
 136 -0.0024 -0.0029 -0.0052  0.0036  0.0068 -0.0005  1.0003  0.9927  0.9850  0.9666 -0.0009
 137 -0.0031 -0.0021 -0.0020  0.0037  0.0069 -0.0019  0.9958  0.9910  0.9841  0.9664 -0.0010
 138 -0.0030 -0.0011 -0.0076  0.0040  0.0056  0.0010  0.9939  0.9920  0.9847  0.9643  0.0027
 139  0.0022 -0.0001 -0.0061  0.0021  0.0071  0.0049  0.9942  0.9918  0.9844  0.9643  0.0071
 140  0.0023 -0.0038 -0.0019 -0.0010  0.0113  0.0033  0.9937  0.9944  0.9869  0.9642  0.0058
 141 -0.0003 -0.0077 -0.0024 -0.0017  0.0093  0.0013  0.9973  0.9974  0.9832  0.9691  0.0047
 142 -0.0002 -0.0075 -0.0002 -0.0038  0.0071  0.0033  0.9980  0.9991  0.9821  0.9672  0.0077
 143 -0.0030 -0.0126  0.0015 -0.0014  0.0051  0.0053  0.9955  0.9991  0.9796  0.9675  0.0066
 144 -0.0034 -0.0110  0.0002 -0.0015  0.0030  0.0000  1.0002  0.9958  0.9807  0.9680  0.0036
 145 -0.0023 -0.0103  0.0044 -0.0015  0.0015  0.0004  0.9980  0.9940  0.9825  0.9632  0.0000
 146  0.0016 -0.0055  0.0046 -0.0005 -0.0004  0.0019  0.9962  0.9964  0.9850  0.9651 -0.0030
 147 -0.0024 -0.0046  0.0050 -0.0000 -0.0025 -0.0009  0.9988  0.9948  0.9831  0.9667 -0.0070
 148 -0.0019 -0.0047  0.0046  0.0044 -0.0027 -0.0020  0.9983  0.9936  0.9876  0.9659 -0.0017
 149  0.0003 -0.0060  0.0020  0.0068 -0.0005 -0.0003  1.0017  0.9924  0.9882  0.9700  0.0009
 150  0.0028 -0.0084  0.0001  0.0052 -0.0012  0.0010  1.0011  0.9943  0.9870  0.9724  0.0020
 151  0.0062 -0.0111 -0.0006  0.0063 -0.0020 -0.0004  1.0000  0.9932  0.9869  0.9714 -0.0032
 152  0.0039 -0.0129 -0.0038  0.0022 -0.0010 -0.0039  0.9987  0.9930  0.9905  0.9704 -0.0045
 153  0.0051 -0.0115 -0.0064  0.0016 -0.0044 -0.0044  0.9956  0.9956  0.9873  0.9671 -0.0024
 154  0.0063 -0.0117 -0.0049  0.0019  0.0039 -0.0029  0.9967  0.9937  0.9887  0.9639 -0.0018
 155  0.0054 -0.0098 -0.0060  0.0015  0.0029 -0.0064  0.9971  0.9938  0.9855  0.9656  0.0008
 156  0.0053 -0.0098 -0.0015 -0.0005  0.0002 -0.0080  0.9963  0.9955  0.9835  0.9653  0.0025
 157  0.0047 -0.0100 -0.0010 -0.0038  0.0043 -0.0108  0.9998  0.9949  0.9820  0.9645  0.0019
 158  0.0023 -0.0092  0.0008 -0.0045  0.0035 -0.0064  1.0021  0.9949  0.9839  0.9718 -0.0002
 159  0.0046 -0.0072  0.0018 -0.0036  0.0021 -0.0090  1.0048  0.9932  0.9893  0.9727  0.0001
   0  0.8010 -0.0022  0.0006  0.0015  0.0011  0.0010  0.8006  0.8023  0.0012 -0.0001  0.0001
   1  0.7284  0.0041 -0.0003  0.0006 -0.0033 -0.0026  0.8190  0.7276  0.0838  0.0093  0.0925
   2  0.6616  0.0035 -0.0021 -0.0001 -0.0011  0.0020  0.8405  0.6612  0.1179  0.0241  0.1436
   3  0.5999  0.0101 -0.0041  0.0001  0.0013 -0.0001  0.8545  0.6028  0.1350  0.0346  0.1620
   4  0.5440  0.0099 -0.0027 -0.0016  0.0025  0.0042  0.8693  0.5464  0.1468  0.0408  0.1701
   5  0.4967  0.0113 -0.0014 -0.0018  0.0002  0.0052  0.8819  0.4959  0.1593  0.0417  0.1744
   6  0.4502  0.0148 -0.0003 -0.0066 -0.0010  0.0037  0.8939  0.4550  0.1674  0.0488  0.1762
   7  0.4116  0.0179 -0.0021 -0.0026 -0.0013  0.0058  0.9043  0.4148  0.1741  0.0538  0.1727
   8  0.3719  0.0200 -0.0040 -0.0024  0.0002  0.0039  0.9130  0.3749  0.1811  0.0593  0.1686
   9  0.3395  0.0204 -0.0037 -0.0020  0.0015  0.0070  0.9220  0.3441  0.1851  0.0629  0.1611
  10  0.3157  0.0243 -0.0035 -0.0038 -0.0005  0.0090  0.9312  0.3184  0.1962  0.0672  0.1511
  11  0.2927  0.0311 -0.0008 -0.0016  0.0038  0.0071  0.9339  0.2921  0.2057  0.0781  0.1386
  12  0.2708  0.0356 -0.0049 -0.0009  0.0034  0.0060  0.9413  0.2739  0.2158  0.0845  0.1295
  13  0.2521  0.0379 -0.0031  0.0022  0.0022  0.0073  0.9490  0.2528  0.2296  0.0945  0.1177
  14  0.2362  0.0405 -0.0026  0.0034  0.0010  0.0086  0.9547  0.2394  0.2437  0.1072  0.1092
  15  0.2234  0.0443 -0.0039  0.0056  0.0020  0.0098  0.9583  0.2288  0.2601  0.1218  0.0992
  16  0.2127  0.0473 -0.0038  0.0068  0.0020  0.0085  0.9623  0.2219  0.2744  0.1386  0.0929
  17  0.2047  0.0499 -0.0026  0.0067  0.0057  0.0107  0.9698  0.2114  0.2937  0.1583  0.0828
  18  0.1978  0.0517 -0.0033  0.0080  0.0028  0.0132  0.9742  0.2057  0.3168  0.1786  0.0740
  19  0.1868  0.0594 -0.0054  0.0069  0.0041  0.0163  0.9829  0.2020  0.3436  0.2011  0.0645
  20  0.1831  0.0645 -0.0092  0.0061  0.0048  0.0177  0.9855  0.1986  0.3686  0.2213  0.0587
  21  0.1770  0.0707 -0.0080  0.0079  0.0065  0.0212  0.9879  0.1967  0.3865  0.2469  0.0539
  22  0.1693  0.0770 -0.0089  0.0105  0.0038  0.0276  0.9885  0.1916  0.4128  0.2742  0.0429
  23  0.1646  0.0818 -0.0076  0.0122  0.0067  0.0306  0.9909  0.1897  0.4387  0.3045  0.0405
  24  0.1654  0.0858 -0.0078  0.0137  0.0069  0.0383  0.9925  0.1840  0.4608  0.3276  0.0386
  25  0.1629  0.0917 -0.0041  0.0137  0.0059  0.0448  0.9932  0.1801  0.4801  0.3554  0.0369
  26  0.1613  0.0982 -0.0017  0.0184  0.0095  0.0469  0.9971  0.1779  0.4980  0.3820  0.0307
  27  0.1598  0.1014 -0.0001  0.0234  0.0092  0.0524  1.0007  0.1767  0.5127  0.4030  0.0274
  28  0.1588  0.1023  0.0033  0.0253  0.0128  0.0617  1.0001  0.1709  0.5313  0.4282  0.0229
  29  0.1623  0.1061  0.0010  0.0270  0.0107  0.0690  1.0003  0.1667  0.5437  0.4455  0.0197
  30  0.1617  0.1115  0.0017  0.0279  0.0131  0.0742  1.0010  0.1629  0.5597  0.4675  0.0149
  31  0.1599  0.1162  0.0044  0.0294  0.0140  0.0815  1.0009  0.1556  0.5704  0.4850  0.0126
  32  0.1598  0.1257  0.0023  0.0321  0.0166  0.0899  0.9989  0.1496  0.5863  0.5039  0.0108
  33  0.1605  0.1277  0.0051  0.0355  0.0171  0.1021  0.9973  0.1451  0.5942  0.5198  0.0097
  34  0.1617  0.1322  0.0035  0.0388  0.0186  0.1144  0.9964  0.1406  0.5955  0.5337  0.0065
  35  0.1653  0.1372  0.0027  0.0400  0.0233  0.1250  0.9950  0.1402  0.6044  0.5442  0.0062
  36  0.1687  0.1432  0.0038  0.0460  0.0264  0.1354  0.9937  0.1354  0.6070  0.5519  0.0067
  37  0.1702  0.1497  0.0081  0.0453  0.0276  0.1436  0.9949  0.1308  0.6099  0.5583  0.0058
  38  0.1773  0.1585  0.0093  0.0488  0.0323  0.1551  0.9969  0.1283  0.6105  0.5676  0.0024
  39  0.1812  0.1662  0.0093  0.0523  0.0362  0.1681  0.9986  0.1217  0.6106  0.5711  0.0060
  40  0.1854  0.1749  0.0119  0.0520  0.0373  0.1837  0.9998  0.1168  0.6087  0.5704  0.0063
  41  0.1962  0.1837  0.0195  0.0567  0.0465  0.2012  1.0025  0.1120  0.6016  0.5694  0.0076
  42  0.2050  0.1944  0.0221  0.0611  0.0473  0.2189  1.0032  0.1037  0.5965  0.5631  0.0105
  43  0.2176  0.2054  0.0232  0.0677  0.0500  0.2334  0.9975  0.1006  0.5854  0.5531  0.0115
  44  0.2394  0.2212  0.0237  0.0774  0.0556  0.2492  0.9962  0.0924  0.5755  0.5463  0.0131
  45  0.2559  0.2381  0.0266  0.0839  0.0599  0.2693  0.9923  0.0862  0.5638  0.5329  0.0090
  46  0.2749  0.2586  0.0313  0.0914  0.0620  0.2953  0.9886  0.0758  0.5468  0.5163  0.0103
  47  0.3003  0.2814  0.0351  0.0976  0.0650  0.3204  0.9811  0.0689  0.5257  0.4982  0.0078
  48  0.3248  0.3078  0.0416  0.1060  0.0717  0.3479  0.9760  0.0650  0.5069  0.4811  0.0089
  49  0.3500  0.3345  0.0466  0.1107  0.0782  0.3781  0.9665  0.0576  0.4836  0.4571  0.0118
  50  0.3788  0.3665  0.0501  0.1190  0.0827  0.4093  0.9559  0.0486  0.4563  0.4348  0.0107
  51  0.4105  0.4007  0.0588  0.1308  0.0871  0.4417  0.9433  0.0436  0.4301  0.4067  0.0113
  52  0.4407  0.4345  0.0662  0.1399  0.0947  0.4768  0.9247  0.0417  0.4051  0.3803  0.0087
  53  0.4716  0.4666  0.0773  0.1478  0.0956  0.5090  0.9014  0.0396  0.3802  0.3551  0.0117
  54  0.5031  0.4984  0.0885  0.1567  0.0993  0.5384  0.8763  0.0360  0.3573  0.3319  0.0075
  55  0.5235  0.5300  0.1004  0.1643  0.1034  0.5712  0.8445  0.0351  0.3344  0.3097  0.0052
  56  0.5463  0.5585  0.1134  0.1712  0.1054  0.5991  0.8107  0.0316  0.3141  0.2901  0.0037
  57  0.5675  0.5858  0.1291  0.1819  0.1096  0.6259  0.7738  0.0278  0.2932  0.2701  0.0024
  58  0.5832  0.6125  0.1426  0.1915  0.1081  0.6487  0.7343  0.0250  0.2737  0.2516  0.0026
  59  0.5993  0.6388  0.1556  0.1987  0.1113  0.6799  0.6984  0.0259  0.2520  0.2289  0.0054
  60  0.6089  0.6667  0.1741  0.2063  0.1154  0.6995  0.6580  0.0240  0.2325  0.2175  0.0087
  61  0.6186  0.6921  0.1895  0.2115  0.1147  0.7219  0.6228  0.0242  0.2181  0.1990  0.0112
  62  0.6270  0.7108  0.2027  0.2202  0.1125  0.7420  0.5894  0.0259  0.2023  0.1847  0.0103
  63  0.6305  0.7311  0.2166  0.2245  0.1168  0.7652  0.5562  0.0201  0.1872  0.1696  0.0132
  64  0.6301  0.7527  0.2349  0.2343  0.1153  0.7824  0.5216  0.0156  0.1736  0.1609  0.0122
  65  0.6341  0.7738  0.2456  0.2387  0.1153  0.7985  0.4897  0.0148  0.1577  0.1457  0.0154
  66  0.6352  0.7905  0.2633  0.2428  0.1168  0.8144  0.4607  0.0138  0.1452  0.1345  0.0141
  67  0.6360  0.8070  0.2763  0.2520  0.1138  0.8305  0.4335  0.0150  0.1350  0.1254  0.0140
  68  0.6322  0.8231  0.2887  0.2595  0.1102  0.8415  0.4037  0.0115  0.1216  0.1172  0.0174
  69  0.6290  0.8384  0.2979  0.2678  0.1081  0.8536  0.3766  0.0149  0.1121  0.1032  0.0175
  70  0.6238  0.8474  0.3051  0.2776  0.1040  0.8605  0.3496  0.0165  0.1039  0.0940  0.0215
  71  0.6192  0.8593  0.3165  0.2851  0.1014  0.8706  0.3240  0.0165  0.0949  0.0856  0.0212
  72  0.6156  0.8678  0.3298  0.2935  0.0962  0.8800  0.3031  0.0139  0.0867  0.0802  0.0261
  73  0.6117  0.8787  0.3425  0.3021  0.0981  0.8878  0.2860  0.0131  0.0786  0.0700  0.0293
  74  0.6071  0.8869  0.3557  0.3125  0.0958  0.8941  0.2657  0.0145  0.0749  0.0632  0.0355
  75  0.5986  0.8922  0.3632  0.3190  0.0955  0.9000  0.2488  0.0159  0.0694  0.0570  0.0374
  76  0.5905  0.8954  0.3657  0.3241  0.0931  0.9087  0.2322  0.0146  0.0654  0.0543  0.0427
  77  0.5838  0.8963  0.3741  0.3335  0.0956  0.9119  0.2226  0.0167  0.0628  0.0495  0.0489
  78  0.5813  0.9027  0.3806  0.3409  0.0882  0.9175  0.2105  0.0183  0.0597  0.0471  0.0581
  79  0.5767  0.9050  0.3907  0.3539  0.0875  0.9220  0.1973  0.0135  0.0556  0.0435  0.0668
  80  0.5717  0.9083  0.3967  0.3635  0.0866  0.9295  0.1883  0.0145  0.0530  0.0374  0.0707
  81  0.5698  0.9155  0.4027  0.3710  0.0831  0.9328  0.1767  0.0136  0.0535  0.0327  0.0822
  82  0.5670  0.9177  0.4084  0.3811  0.0787  0.9375  0.1645  0.0127  0.0462  0.0305  0.0959
  83  0.5664  0.9246  0.4147  0.3923  0.0778  0.9399  0.1561  0.0129  0.0410  0.0263  0.1112
  84  0.5642  0.9319  0.4157  0.4011  0.0762  0.9401  0.1501  0.0144  0.0385  0.0212  0.1246
  85  0.5624  0.9355  0.4219  0.4165  0.0733  0.9446  0.1423  0.0119  0.0330  0.0140  0.1447
  86  0.5555  0.9437  0.4247  0.4277  0.0723  0.9476  0.1344  0.0151  0.0299  0.0117  0.1783
  87  0.5533  0.9452  0.4292  0.4351  0.0692  0.9504  0.1257  0.0092  0.0296  0.0066  0.2120
  88  0.5549  0.9466  0.4325  0.4457  0.0652  0.9532  0.1207  0.0106  0.0254  0.0041  0.2469
  89  0.5509  0.9508  0.4387  0.4559  0.0621  0.9564  0.1144  0.0085  0.0224  0.0069  0.2793
  90  0.5523  0.9542  0.4399  0.4610  0.0596  0.9553  0.1056  0.0090  0.0215  0.0059  0.2985
  91  0.5477  0.9519  0.4398  0.4680  0.0595  0.9630  0.1035  0.0088  0.0198  0.0044  0.3173
  92  0.5465  0.9524  0.4417  0.4841  0.0552  0.9631  0.1006  0.0093  0.0212  0.0030  0.3342
  93  0.5435  0.9538  0.4457  0.4936  0.0556  0.9652  0.0974  0.0125  0.0174  0.0028  0.3524
  94  0.5425  0.9534  0.4488  0.5020  0.0526  0.9637  0.0956  0.0104  0.0148  0.0031  0.3659
  95  0.5394  0.9545  0.4515  0.5094  0.0483  0.9685  0.0921  0.0113  0.0145  0.0020  0.3746
  96  0.5364  0.9577  0.4528  0.5258  0.0466  0.9713  0.0902  0.0141  0.0145  0.0047  0.3804
  97  0.5350  0.9600  0.4567  0.5378  0.0462  0.9690  0.0861  0.0127  0.0136  0.0033  0.3855
  98  0.5336  0.9612  0.4535  0.5530  0.0445  0.9699  0.0849  0.0090  0.0122  0.0040  0.3898
  99  0.5333  0.9610  0.4578  0.5634  0.0441  0.9697  0.0875  0.0096  0.0137  0.0021  0.3943
 100  0.5296  0.9628  0.4592  0.5770  0.0424  0.9745  0.0851  0.0102  0.0123  0.0046  0.3997
 101  0.5262  0.9617  0.4584  0.5886  0.0419  0.9755  0.0840  0.0094  0.0111  0.0058  0.4003
 102  0.5256  0.9610  0.4602  0.5961  0.0401  0.9768  0.0840  0.0109  0.0106  0.0056  0.3967
 103  0.5252  0.9620  0.4632  0.6069  0.0380  0.9755  0.0798  0.0154  0.0100  0.0049  0.3958
 104  0.5247  0.9625  0.4659  0.6176  0.0363  0.9756  0.0743  0.0110  0.0114  0.0058  0.3909
 105  0.5224  0.9650  0.4695  0.6248  0.0371  0.9738  0.0750  0.0136  0.0087  0.0053  0.3830
 106  0.5218  0.9620  0.4710  0.6345  0.0366  0.9751  0.0727  0.0114  0.0077  0.0023  0.3819
 107  0.5211  0.9625  0.4738  0.6465  0.0395  0.9738  0.0731  0.0121  0.0059  0.0071  0.3777
 108  0.5192  0.9622  0.4750  0.6501  0.0394  0.9743  0.0735  0.0085  0.0038  0.0036  0.3706
 109  0.5196  0.9635  0.4745  0.6546  0.0369  0.9774  0.0751  0.0081  0.0055  0.0059  0.3718
 110  0.5189  0.9642  0.4776  0.6605  0.0359  0.9782  0.0741  0.0079  0.0039  0.0083  0.3682
 111  0.5158  0.9633  0.4768  0.6613  0.0353  0.9781  0.0703  0.0039  0.0044  0.0073  0.3640
 112  0.5188  0.9659  0.4794  0.6638  0.0304  0.9792  0.0691  0.0046 -0.0003  0.0008  0.3562
 113  0.5187  0.9628  0.4797  0.6698  0.0310  0.9807  0.0692  0.0056  0.0027  0.0012  0.3519
 114  0.5191  0.9646  0.4808  0.6776  0.0297  0.9780  0.0673  0.0093  0.0003  0.0019  0.3478
 115  0.5201  0.9615  0.4860  0.6857  0.0263  0.9789  0.0673  0.0076  0.0026  0.0059  0.3432
 116  0.5221  0.9605  0.4821  0.6905  0.0279  0.9820  0.0644  0.0051  0.0029  0.0050  0.3348
 117  0.5223  0.9593  0.4826  0.6953  0.0199  0.9872  0.0655  0.0035  0.0057  0.0041  0.3308
 118  0.5240  0.9646  0.4817  0.7012  0.0184  0.9859  0.0629  0.0057  0.0082  0.0007  0.3269
 119  0.5260  0.9628  0.4831  0.7102  0.0151  0.9831  0.0661  0.0048  0.0063 -0.0021  0.3230
 120  0.5256  0.9669  0.4795  0.7140  0.0127  0.9820  0.0635  0.0029  0.0019  0.0005  0.3170
 121  0.5250  0.9660  0.4803  0.7181  0.0105  0.9801  0.0643 -0.0024  0.0008 -0.0015  0.3144
 122  0.5251  0.9690  0.4778  0.7233  0.0094  0.9789  0.0608 -0.0002  0.0003 -0.0021  0.3110
 123  0.5278  0.9697  0.4804  0.7299  0.0099  0.9808  0.0577 -0.0039 -0.0016 -0.0034  0.3051
 124  0.5278  0.9687  0.4840  0.7376  0.0099  0.9774  0.0536 -0.0037  0.0013 -0.0010  0.2971
 125  0.5252  0.9712  0.4847  0.7412  0.0118  0.9801  0.0540 -0.0032  0.0037 -0.0014  0.2914
 126  0.5276  0.9702  0.4834  0.7455  0.0146  0.9826  0.0547 -0.0051  0.0052  0.0022  0.2848
 127  0.5290  0.9717  0.4856  0.7501  0.0118  0.9798  0.0557 -0.0033  0.0037 -0.0016  0.2780
 128  0.5282  0.9729  0.4852  0.7516  0.0124  0.9792  0.0557 -0.0026  0.0044 -0.0032  0.2760
 129  0.5260  0.9709  0.4882  0.7558  0.0124  0.9771  0.0583 -0.0037  0.0044 -0.0049  0.2701
 130  0.5270  0.9734  0.4886  0.7595  0.0113  0.9790  0.0550 -0.0032  0.0028 -0.0047  0.2644
 131  0.5281  0.9765  0.4870  0.7605  0.0106  0.9772  0.0593 -0.0024  0.0011 -0.0020  0.2591
 132  0.5247  0.9772  0.4868  0.7643  0.0130  0.9794  0.0593 -0.0026 -0.0014  0.0009  0.2572
 133  0.5252  0.9779  0.4875  0.7647  0.0084  0.9793  0.0621 -0.0038  0.0029  0.0010  0.2552
 134  0.5239  0.9783  0.4885  0.7701  0.0086  0.9812  0.0608 -0.0039  0.0008  0.0032  0.2561
 135  0.5209  0.9749  0.4852  0.7708  0.0099  0.9829  0.0556 -0.0010  0.0007  0.0029  0.2567
 136  0.5231  0.9754  0.4852  0.7692  0.0112  0.9844  0.0540  0.0041 -0.0015  0.0010  0.2559
 137  0.5220  0.9749  0.4858  0.7704  0.0111  0.9839  0.0556 -0.0001  0.0022 -0.0014  0.2516
 138  0.5224  0.9775  0.4882  0.7698  0.0144  0.9854  0.0552  0.0001  0.0014 -0.0027  0.2459
 139  0.5235  0.9796  0.4915  0.7709  0.0118  0.9852  0.0528  0.0006 -0.0012 -0.0054  0.2453
 140  0.5250  0.9828  0.4919  0.7703  0.0099  0.9866  0.0515 -0.0036 -0.0029 -0.0067  0.2405
 141  0.5229  0.9851  0.4914  0.7683  0.0099  0.9875  0.0525 -0.0019 -0.0034 -0.0049  0.2358
 142  0.5235  0.9850  0.4915  0.7691  0.0071  0.9885  0.0508 -0.0006 -0.0017 -0.0026  0.2347
 143  0.5216  0.9836  0.4919  0.7739  0.0078  0.9912  0.0548 -0.0036 -0.0007 -0.0012  0.2338
 144  0.5204  0.9768  0.4917  0.7724  0.0089  0.9875  0.0534 -0.0071 -0.0011 -0.0009  0.2304
 145  0.5205  0.9735  0.4889  0.7759  0.0078  0.9862  0.0521 -0.0042 -0.0050  0.0017  0.2289
 146  0.5192  0.9777  0.4866  0.7793  0.0085  0.9875  0.0526 -0.0046 -0.0030 -0.0031  0.2290
 147  0.5206  0.9777  0.4859  0.7787  0.0155  0.9841  0.0529 -0.0047 -0.0065 -0.0018  0.2277
 148  0.5178  0.9770  0.4878  0.7762  0.0166  0.9844  0.0550 -0.0068 -0.0041 -0.0046  0.2303
 149  0.5216  0.9768  0.4887  0.7730  0.0136  0.9828  0.0566 -0.0071 -0.0026 -0.0045  0.2297
 150  0.5237  0.9734  0.4914  0.7712  0.0157  0.9866  0.0585 -0.0056  0.0014 -0.0047  0.2330
 151  0.5226  0.9705  0.4927  0.7715  0.0166  0.9824  0.0573 -0.0038 -0.0002 -0.0044  0.2322
 152  0.5177  0.9735  0.4895  0.7726  0.0137  0.9794  0.0564 -0.0017  0.0006 -0.0031  0.2335
 153  0.5216  0.9711  0.4915  0.7718  0.0163  0.9836  0.0547 -0.0005  0.0004 -0.0005  0.2348
 154  0.5215  0.9710  0.4913  0.7756  0.0169  0.9843  0.0566  0.0035 -0.0044  0.0007  0.2346
 155  0.5169  0.9751  0.4893  0.7757  0.0146  0.9823  0.0575  0.0046 -0.0064  0.0005  0.2333
 156  0.5152  0.9722  0.4888  0.7798  0.0136  0.9842  0.0600  0.0044 -0.0058  0.0018  0.2352
 157  0.5177  0.9746  0.4913  0.7838  0.0133  0.9871  0.0616  0.0045 -0.0037  0.0005  0.2394
 158  0.5177  0.9796  0.4886  0.7842  0.0107  0.9895  0.0621  0.0049 -0.0025  0.0010  0.2461
 159  0.5121  0.9746  0.4868  0.7861  0.0122  0.9896  0.0635  0.0033 -0.0022  0.0014  0.2524
   0  0.8011 -0.0020 -0.0005 -0.0025 -0.0006 -0.0005  0.7999  0.8025 -0.0011  0.0004 -0.0023
   1  0.7254 -0.0040  0.0018 -0.0014  0.0009 -0.0037  0.8206  0.7303  0.0774  0.0073  0.0925
   2  0.6563 -0.0001  0.0010 -0.0015  0.0012 -0.0051  0.8369  0.6562  0.1091  0.0186  0.1556
   3  0.5972  0.0033 -0.0034 -0.0019  0.0058 -0.0040  0.8547  0.5993  0.1197  0.0248  0.1866
   4  0.5387  0.0009 -0.0055 -0.0043  0.0070 -0.0026  0.8688  0.5474  0.1274  0.0289  0.2038
   5  0.4913 -0.0005 -0.0087 -0.0068  0.0032 -0.0028  0.8842  0.4983  0.1326  0.0303  0.2164
   6  0.4448  0.0068 -0.0113 -0.0058  0.0014 -0.0074  0.8962  0.4568  0.1390  0.0327  0.2277
   7  0.4046  0.0077 -0.0125 -0.0061  0.0016 -0.0087  0.9053  0.4188  0.1407  0.0365  0.2330
   8  0.3729  0.0101 -0.0114 -0.0016 -0.0019 -0.0089  0.9145  0.3851  0.1477  0.0360  0.2315
   9  0.3390  0.0158 -0.0080  0.0004  0.0004 -0.0087  0.9220  0.3573  0.1494  0.0354  0.2327
  10  0.3094  0.0170 -0.0073 -0.0005  0.0023 -0.0084  0.9328  0.3339  0.1502  0.0366  0.2313
  11  0.2857  0.0235 -0.0061  0.0026  0.0028 -0.0105  0.9386  0.3113  0.1486  0.0383  0.2252
  12  0.2658  0.0286 -0.0042 -0.0024  0.0022 -0.0090  0.9442  0.2947  0.1539  0.0371  0.2226
  13  0.2496  0.0353 -0.0101 -0.0030  0.0044 -0.0030  0.9510  0.2759  0.1558  0.0437  0.2225
  14  0.2329  0.0379 -0.0061 -0.0000  0.0035 -0.0011  0.9579  0.2657  0.1509  0.0434  0.2163
  15  0.2161  0.0457 -0.0048  0.0002  0.0042  0.0031  0.9606  0.2531  0.1480  0.0467  0.2124
  16  0.2053  0.0471 -0.0025  0.0014  0.0062  0.0016  0.9666  0.2394  0.1459  0.0494  0.2069
  17  0.1936  0.0497 -0.0036 -0.0002  0.0088  0.0066  0.9692  0.2358  0.1440  0.0522  0.1984
  18  0.1842  0.0547 -0.0031  0.0023  0.0051  0.0115  0.9741  0.2265  0.1497  0.0572  0.1891
  19  0.1788  0.0579 -0.0036  0.0007  0.0036  0.0164  0.9756  0.2217  0.1537  0.0592  0.1796
  20  0.1775  0.0596 -0.0037  0.0037  0.0061  0.0181  0.9745  0.2183  0.1601  0.0639  0.1682
  21  0.1706  0.0646 -0.0070  0.0078  0.0064  0.0223  0.9785  0.2118  0.1681  0.0657  0.1579
  22  0.1650  0.0673 -0.0081  0.0080  0.0055  0.0245  0.9810  0.2081  0.1738  0.0720  0.1508
  23  0.1597  0.0743 -0.0079  0.0093  0.0086  0.0299  0.9832  0.2023  0.1820  0.0757  0.1418
  24  0.1548  0.0776 -0.0043  0.0112  0.0107  0.0332  0.9863  0.1975  0.1899  0.0829  0.1312
  25  0.1544  0.0805  0.0033  0.0116  0.0133  0.0383  0.9858  0.1931  0.1956  0.0886  0.1259
  26  0.1507  0.0833  0.0069  0.0102  0.0140  0.0443  0.9919  0.1916  0.2080  0.0951  0.1203
  27  0.1465  0.0834  0.0088  0.0136  0.0128  0.0465  0.9910  0.1897  0.2156  0.1039  0.1122
  28  0.1417  0.0823  0.0072  0.0154  0.0157  0.0489  0.9936  0.1866  0.2312  0.1144  0.1092
  29  0.1432  0.0863  0.0065  0.0133  0.0189  0.0510  0.9940  0.1873  0.2468  0.1232  0.1000
  30  0.1409  0.0904  0.0065  0.0144  0.0202  0.0546  0.9975  0.1846  0.2601  0.1344  0.0916
  31  0.1404  0.0933  0.0092  0.0141  0.0191  0.0588  0.9977  0.1864  0.2787  0.1504  0.0829
  32  0.1336  0.0973  0.0129  0.0148  0.0191  0.0609  0.9984  0.1857  0.2982  0.1677  0.0751
  33  0.1338  0.0959  0.0133  0.0136  0.0249  0.0649  0.9971  0.1835  0.3159  0.1889  0.0702
  34  0.1319  0.0984  0.0178  0.0173  0.0295  0.0680  0.9936  0.1844  0.3342  0.2119  0.0644
  35  0.1310  0.1022  0.0176  0.0187  0.0306  0.0736  0.9944  0.1818  0.3574  0.2297  0.0612
  36  0.1287  0.1046  0.0183  0.0249  0.0328  0.0765  0.9916  0.1802  0.3742  0.2494  0.0563
  37  0.1310  0.1101  0.0177  0.0258  0.0343  0.0820  0.9921  0.1784  0.3941  0.2735  0.0499
  38  0.1330  0.1113  0.0163  0.0292  0.0341  0.0884  0.9929  0.1759  0.4161  0.2965  0.0487
  39  0.1331  0.1108  0.0168  0.0301  0.0328  0.0966  0.9899  0.1746  0.4367  0.3187  0.0448
  40  0.1325  0.1170  0.0188  0.0313  0.0335  0.1004  0.9907  0.1715  0.4538  0.3406  0.0392
  41  0.1313  0.1186  0.0159  0.0325  0.0334  0.1083  0.9959  0.1721  0.4705  0.3639  0.0325
  42  0.1327  0.1228  0.0169  0.0357  0.0351  0.1130  0.9935  0.1714  0.4889  0.3908  0.0292
  43  0.1318  0.1231  0.0182  0.0402  0.0392  0.1134  0.9964  0.1687  0.5106  0.4135  0.0249
  44  0.1324  0.1231  0.0154  0.0420  0.0405  0.1171  0.9979  0.1619  0.5261  0.4353  0.0234
  45  0.1343  0.1249  0.0152  0.0387  0.0427  0.1220  0.9968  0.1609  0.5370  0.4564  0.0224
  46  0.1300  0.1314  0.0128  0.0384  0.0446  0.1286  0.9946  0.1644  0.5527  0.4742  0.0189
  47  0.1304  0.1380  0.0110  0.0411  0.0501  0.1323  0.9924  0.1626  0.5645  0.4891  0.0177
  48  0.1319  0.1409  0.0112  0.0408  0.0522  0.1358  0.9959  0.1565  0.5794  0.5105  0.0158
  49  0.1320  0.1423  0.0148  0.0405  0.0527  0.1439  0.9954  0.1541  0.5936  0.5271  0.0134
  50  0.1337  0.1444  0.0149  0.0394  0.0538  0.1524  0.9932  0.1501  0.6048  0.5377  0.0165
  51  0.1403  0.1446  0.0189  0.0433  0.0591  0.1615  0.9928  0.1409  0.6108  0.5469  0.0167
  52  0.1458  0.1515  0.0225  0.0448  0.0618  0.1697  0.9947  0.1330  0.6093  0.5478  0.0163
  53  0.1517  0.1589  0.0183  0.0453  0.0622  0.1766  0.9942  0.1302  0.6084  0.5494  0.0173
  54  0.1658  0.1653  0.0184  0.0475  0.0625  0.1858  0.9959  0.1264  0.6064  0.5526  0.0146
  55  0.1742  0.1778  0.0195  0.0495  0.0659  0.1936  0.9920  0.1210  0.6082  0.5535  0.0123
  56  0.1822  0.1883  0.0212  0.0500  0.0709  0.2076  0.9921  0.1145  0.6020  0.5559  0.0104
  57  0.1953  0.2046  0.0223  0.0519  0.0750  0.2202  0.9906  0.1086  0.6021  0.5551  0.0082
  58  0.2072  0.2177  0.0236  0.0568  0.0770  0.2356  0.9866  0.1018  0.5924  0.5497  0.0087
  59  0.2204  0.2341  0.0253  0.0591  0.0813  0.2546  0.9867  0.0959  0.5819  0.5469  0.0066
  60  0.2384  0.2500  0.0309  0.0648  0.0905  0.2749  0.9860  0.0891  0.5676  0.5356  0.0107
  61  0.2590  0.2732  0.0331  0.0696  0.0950  0.2949  0.9830  0.0800  0.5518  0.5183  0.0120
  62  0.2855  0.2967  0.0355  0.0749  0.0987  0.3245  0.9796  0.0707  0.5339  0.5023  0.0119
  63  0.3114  0.3265  0.0413  0.0799  0.1034  0.3546  0.9674  0.0636  0.5160  0.4791  0.0158
  64  0.3361  0.3510  0.0468  0.0843  0.1122  0.3824  0.9585  0.0582  0.4911  0.4562  0.0133
  65  0.3642  0.3795  0.0541  0.0863  0.1179  0.4124  0.9469  0.0555  0.4691  0.4329  0.0085
  66  0.3915  0.4060  0.0620  0.0934  0.1285  0.4424  0.9331  0.0504  0.4429  0.4113  0.0060
  67  0.4212  0.4380  0.0669  0.0992  0.1376  0.4741  0.9155  0.0448  0.4192  0.3838  0.0060
  68  0.4505  0.4717  0.0783  0.1032  0.1436  0.5062  0.8945  0.0403  0.3923  0.3633  0.0053
  69  0.4778  0.5056  0.0902  0.1048  0.1540  0.5419  0.8721  0.0370  0.3690  0.3413  0.0060
  70  0.5013  0.5348  0.1019  0.1075  0.1638  0.5713  0.8471  0.0393  0.3464  0.3200  0.0068
  71  0.5229  0.5656  0.1118  0.1113  0.1708  0.5998  0.8157  0.0334  0.3250  0.3020  0.0077
  72  0.5374  0.5936  0.1254  0.1195  0.1780  0.6251  0.7827  0.0300  0.3022  0.2822  0.0120
  73  0.5561  0.6225  0.1379  0.1237  0.1819  0.6522  0.7452  0.0282  0.2821  0.2621  0.0086
  74  0.5745  0.6476  0.1486  0.1276  0.1891  0.6749  0.7064  0.0290  0.2654  0.2415  0.0102
  75  0.5860  0.6673  0.1637  0.1308  0.1967  0.7012  0.6700  0.0286  0.2482  0.2281  0.0101
  76  0.5977  0.6887  0.1796  0.1275  0.2039  0.7211  0.6309  0.0275  0.2277  0.2135  0.0094
  77  0.6047  0.7132  0.1913  0.1240  0.2066  0.7383  0.5963  0.0271  0.2098  0.1965  0.0095
  78  0.6062  0.7335  0.2059  0.1224  0.2078  0.7560  0.5624  0.0255  0.1964  0.1884  0.0105
  79  0.6109  0.7530  0.2235  0.1244  0.2128  0.7755  0.5265  0.0242  0.1815  0.1737  0.0091
  80  0.6146  0.7702  0.2400  0.1220  0.2214  0.7929  0.4944  0.0226  0.1658  0.1568  0.0106
  81  0.6133  0.7925  0.2536  0.1253  0.2293  0.8087  0.4595  0.0204  0.1536  0.1447  0.0145
  82  0.6132  0.8084  0.2681  0.1247  0.2353  0.8239  0.4301  0.0179  0.1474  0.1325  0.0138
  83  0.6123  0.8224  0.2820  0.1242  0.2394  0.8347  0.4021  0.0184  0.1329  0.1249  0.0150
  84  0.6145  0.8367  0.2948  0.1239  0.2436  0.8485  0.3738  0.0174  0.1194  0.1171  0.0159
  85  0.6145  0.8518  0.3048  0.1233  0.2476  0.8616  0.3481  0.0153  0.1079  0.1057  0.0195
  86  0.6105  0.8596  0.3164  0.1170  0.2511  0.8726  0.3232  0.0189  0.0982  0.0987  0.0252
  87  0.6082  0.8679  0.3239  0.1148  0.2573  0.8837  0.3023  0.0140  0.0918  0.0916  0.0231
  88  0.6029  0.8785  0.3343  0.1136  0.2647  0.8909  0.2793  0.0152  0.0855  0.0827  0.0240
  89  0.5972  0.8892  0.3419  0.1132  0.2733  0.8962  0.2563  0.0143  0.0805  0.0739  0.0212
  90  0.5930  0.8977  0.3520  0.1102  0.2835  0.9015  0.2454  0.0153  0.0723  0.0667  0.0227
  91  0.5904  0.9027  0.3626  0.1064  0.2885  0.9040  0.2300  0.0175  0.0702  0.0563  0.0269
  92  0.5854  0.9079  0.3738  0.1042  0.2973  0.9088  0.2161  0.0166  0.0677  0.0502  0.0335
  93  0.5791  0.9123  0.3815  0.0991  0.3081  0.9134  0.2014  0.0150  0.0644  0.0448  0.0424
  94  0.5734  0.9196  0.3842  0.0967  0.3144  0.9150  0.1886  0.0161  0.0571  0.0446  0.0510
  95  0.5720  0.9242  0.3939  0.0955  0.3255  0.9216  0.1806  0.0166  0.0550  0.0433  0.0613
  96  0.5693  0.9266  0.3993  0.0931  0.3340  0.9285  0.1703  0.0191  0.0493  0.0434  0.0690
  97  0.5637  0.9325  0.4048  0.0911  0.3437  0.9311  0.1634  0.0172  0.0440  0.0363  0.0776
  98  0.5640  0.9374  0.4062  0.0882  0.3511  0.9336  0.1551  0.0163  0.0359  0.0336  0.0900
  99  0.5573  0.9415  0.4106  0.0880  0.3570  0.9397  0.1488  0.0160  0.0337  0.0302  0.1021
 100  0.5567  0.9418  0.4160  0.0857  0.3680  0.9424  0.1414  0.0140  0.0342  0.0283  0.1116
 101  0.5563  0.9457  0.4248  0.0818  0.3785  0.9429  0.1325  0.0116  0.0287  0.0268  0.1233
 102  0.5556  0.9516  0.4335  0.0794  0.3867  0.9433  0.1265  0.0125  0.0311  0.0262  0.1334
 103  0.5563  0.9528  0.4388  0.0723  0.3959  0.9424  0.1186  0.0110  0.0295  0.0263  0.1412
 104  0.5528  0.9601  0.4433  0.0700  0.4111  0.9493  0.1117  0.0067  0.0232  0.0254  0.1458
 105  0.5508  0.9611  0.4462  0.0657  0.4208  0.9500  0.1056  0.0076  0.0220  0.0250  0.1501
 106  0.5461  0.9659  0.4464  0.0589  0.4324  0.9558  0.1045  0.0097  0.0207  0.0235  0.1582
 107  0.5407  0.9671  0.4543  0.0574  0.4467  0.9570  0.0989  0.0075  0.0153  0.0199  0.1668
 108  0.5386  0.9722  0.4552  0.0545  0.4626  0.9565  0.0942  0.0052  0.0142  0.0222  0.1756
 109  0.5342  0.9736  0.4578  0.0511  0.4796  0.9571  0.0923  0.0042  0.0114  0.0231  0.1771
 110  0.5322  0.9778  0.4610  0.0522  0.4957  0.9609  0.0895  0.0053  0.0083  0.0188  0.1760
 111  0.5300  0.9788  0.4647  0.0483  0.5048  0.9638  0.0876  0.0070  0.0057  0.0175  0.1814
 112  0.5297  0.9799  0.4645  0.0448  0.5176  0.9651  0.0842  0.0090  0.0092  0.0147  0.1867
 113  0.5276  0.9806  0.4622  0.0438  0.5283  0.9657  0.0863  0.0104  0.0090  0.0162  0.1956
 114  0.5225  0.9840  0.4665  0.0443  0.5430  0.9695  0.0836  0.0095  0.0089  0.0148  0.1990
 115  0.5211  0.9893  0.4701  0.0392  0.5553  0.9722  0.0823  0.0105  0.0054  0.0160  0.2040
 116  0.5193  0.9865  0.4723  0.0388  0.5671  0.9713  0.0817  0.0090  0.0065  0.0148  0.2036
 117  0.5193  0.9890  0.4766  0.0380  0.5799  0.9712  0.0767  0.0101  0.0086  0.0167  0.2095
 118  0.5183  0.9896  0.4782  0.0351  0.5924  0.9741  0.0725  0.0099  0.0075  0.0155  0.2106
 119  0.5161  0.9925  0.4793  0.0352  0.6065  0.9739  0.0703  0.0086  0.0039  0.0138  0.2103
 120  0.5121  0.9907  0.4835  0.0379  0.6172  0.9718  0.0726  0.0059  0.0044  0.0106  0.2170
 121  0.5095  0.9902  0.4881  0.0357  0.6224  0.9717  0.0693  0.0079  0.0015  0.0098  0.2182
 122  0.5113  0.9913  0.4882  0.0269  0.6319  0.9723  0.0666  0.0065  0.0035  0.0069  0.2238
 123  0.5080  0.9950  0.4878  0.0221  0.6414  0.9749  0.0679  0.0083  0.0038  0.0060  0.2287
 124  0.5101  0.9940  0.4849  0.0224  0.6498  0.9791  0.0648  0.0056  0.0015  0.0086  0.2334
 125  0.5097  0.9976  0.4885  0.0212  0.6592  0.9789  0.0648  0.0103  0.0005  0.0095  0.2318
 126  0.5057  0.9954  0.4880  0.0220  0.6733  0.9736  0.0656  0.0104 -0.0017  0.0097  0.2330
 127  0.5044  0.9930  0.4898  0.0208  0.6828  0.9782  0.0685  0.0081 -0.0008  0.0078  0.2322
 128  0.5033  0.9910  0.4898  0.0212  0.6892  0.9773  0.0693  0.0104 -0.0011  0.0051  0.2389
 129  0.5076  0.9891  0.4886  0.0177  0.6959  0.9761  0.0666  0.0102 -0.0013  0.0043  0.2472
 130  0.5089  0.9918  0.4873  0.0151  0.7038  0.9751  0.0669  0.0107 -0.0000  0.0060  0.2537
 131  0.5096  0.9946  0.4864  0.0158  0.7087  0.9759  0.0662  0.0090  0.0014  0.0074  0.2531
 132  0.5150  0.9942  0.4861  0.0175  0.7135  0.9762  0.0645  0.0068  0.0024  0.0066  0.2531
 133  0.5124  0.9952  0.4907  0.0158  0.7191  0.9779  0.0661  0.0073  0.0016  0.0050  0.2577
 134  0.5115  0.9897  0.4923  0.0148  0.7236  0.9791  0.0627  0.0048 -0.0000  0.0086  0.2573
 135  0.5152  0.9910  0.4919  0.0172  0.7278  0.9808  0.0647  0.0041 -0.0010  0.0081  0.2586
 136  0.5129  0.9949  0.4913  0.0154  0.7304  0.9836  0.0635  0.0043  0.0001  0.0086  0.2590
 137  0.5117  0.9940  0.4897  0.0154  0.7370  0.9834  0.0637  0.0065 -0.0014  0.0064  0.2578
 138  0.5111  0.9947  0.4906  0.0105  0.7411  0.9822  0.0628  0.0071 -0.0002  0.0062  0.2585
 139  0.5059  0.9909  0.4917  0.0096  0.7463  0.9849  0.0639  0.0074  0.0020  0.0049  0.2570
 140  0.5058  0.9928  0.4974  0.0142  0.7496  0.9908  0.0642  0.0050  0.0001  0.0020  0.2554
 141  0.5055  0.9967  0.4981  0.0137  0.7509  0.9943  0.0608  0.0054  0.0008 -0.0023  0.2575
 142  0.5062  0.9998  0.4972  0.0122  0.7577  0.9924  0.0588  0.0051 -0.0021 -0.0018  0.2588
 143  0.5055  0.9987  0.5011  0.0120  0.7635  0.9931  0.0608  0.0049 -0.0036  0.0009  0.2559
 144  0.5046  0.9983  0.5047  0.0113  0.7656  0.9929  0.0602  0.0035 -0.0039  0.0005  0.2540
 145  0.5054  0.9974  0.5035  0.0138  0.7677  0.9931  0.0571  0.0030 -0.0067  0.0031  0.2547
 146  0.5028  0.9979  0.5043  0.0154  0.7718  0.9952  0.0581  0.0027 -0.0047  0.0012  0.2523
 147  0.4982  0.9966  0.5033  0.0169  0.7733  0.9911  0.0558  0.0015 -0.0032 -0.0016  0.2493
 148  0.4979  0.9980  0.5038  0.0172  0.7720  0.9973  0.0562  0.0014 -0.0000  0.0046  0.2453
 149  0.4959  0.9982  0.5009  0.0138  0.7731  1.0009  0.0557  0.0022 -0.0017  0.0030  0.2397
 150  0.4973  1.0001  0.5020  0.0150  0.7747  1.0013  0.0581  0.0062  0.0021  0.0013  0.2369
 151  0.4971  1.0003  0.5028  0.0184  0.7751  1.0012  0.0570  0.0021  0.0018  0.0026  0.2399
 152  0.4955  1.0007  0.5024  0.0157  0.7759  0.9991  0.0558 -0.0012 -0.0017  0.0022  0.2361
 153  0.4950  1.0031  0.5029  0.0165  0.7745  1.0004  0.0555 -0.0029 -0.0040  0.0037  0.2348
 154  0.4970  1.0024  0.5041  0.0162  0.7801  0.9984  0.0566 -0.0053 -0.0010  0.0050  0.2328
 155  0.4966  1.0016  0.5048  0.0152  0.7782  0.9955  0.0560 -0.0054 -0.0012  0.0016  0.2293
 156  0.4905  1.0031  0.5033  0.0147  0.7761  0.9929  0.0565 -0.0067  0.0007 -0.0002  0.2303
 157  0.4941  0.9997  0.5060  0.0156  0.7775  0.9950  0.0571 -0.0037  0.0015  0.0028  0.2296
 158  0.4966  1.0008  0.5079  0.0102  0.7777  0.9905  0.0555 -0.0021  0.0005  0.0008  0.2281
 159  0.4995  1.0036  0.5071  0.0104  0.7802  0.9926  0.0551 -0.0024 -0.0018  0.0001  0.2324
   0  0.7991  0.0030  0.0015 -0.0011 -0.0013  0.0001  0.7999  0.7997  0.0009  0.0005 -0.0028
   1  0.7229  0.0061  0.0023 -0.0015  0.0024  0.0020  0.8221  0.7238  0.0784  0.0061  0.0974
   2  0.6557  0.0089  0.0049  0.0003  0.0022 -0.0008  0.8427  0.6586  0.1064  0.0161  0.1634
   3  0.5938  0.0120  0.0014  0.0018  0.0008 -0.0021  0.8570  0.5991  0.1222  0.0221  0.2027
   4  0.5360  0.0112 -0.0008 -0.0026  0.0021 -0.0061  0.8665  0.5443  0.1258  0.0223  0.2254
   5  0.4843  0.0130 -0.0076 -0.0001  0.0046 -0.0032  0.8797  0.4969  0.1297  0.0243  0.2431
   6  0.4403  0.0182 -0.0042  0.0007  0.0029 -0.0001  0.8905  0.4516  0.1316  0.0266  0.2552
   7  0.4012  0.0225 -0.0060 -0.0002  0.0048 -0.0006  0.8955  0.4120  0.1313  0.0289  0.2700
   8  0.3662  0.0246 -0.0032  0.0014  0.0031 -0.0015  0.9050  0.3781  0.1262  0.0266  0.2734
   9  0.3346  0.0276 -0.0015  0.0034  0.0043  0.0017  0.9119  0.3458  0.1230  0.0277  0.2782
  10  0.3092  0.0298  0.0008  0.0041  0.0034  0.0071  0.9238  0.3190  0.1199  0.0296  0.2785
  11  0.2840  0.0318  0.0012  0.0005  0.0041  0.0089  0.9317  0.2980  0.1211  0.0364  0.2791
  12  0.2640  0.0345  0.0007  0.0007  0.0037  0.0114  0.9383  0.2782  0.1189  0.0347  0.2723
  13  0.2441  0.0372 -0.0025 -0.0012  0.0053  0.0130  0.9438  0.2680  0.1190  0.0344  0.2707
  14  0.2253  0.0436 -0.0024  0.0021  0.0091  0.0133  0.9463  0.2548  0.1152  0.0334  0.2700
  15  0.2107  0.0468 -0.0024  0.0076  0.0081  0.0161  0.9484  0.2442  0.1101  0.0311  0.2690
  16  0.1984  0.0538 -0.0006  0.0091  0.0087  0.0199  0.9568  0.2342  0.1098  0.0317  0.2727
  17  0.1857  0.0587 -0.0003  0.0087  0.0084  0.0221  0.9613  0.2272  0.1058  0.0298  0.2760
  18  0.1770  0.0645  0.0011  0.0090  0.0060  0.0222  0.9653  0.2208  0.1063  0.0291  0.2785
  19  0.1664  0.0673  0.0020  0.0078  0.0094  0.0278  0.9689  0.2125  0.1041  0.0294  0.2794
  20  0.1590  0.0738  0.0015  0.0092  0.0068  0.0289  0.9700  0.2054  0.1042  0.0299  0.2807
  21  0.1509  0.0722  0.0020  0.0078  0.0038  0.0353  0.9718  0.2007  0.0995  0.0284  0.2862
  22  0.1492  0.0714  0.0025  0.0140  0.0066  0.0381  0.9720  0.1993  0.0989  0.0286  0.2911
  23  0.1445  0.0706  0.0049  0.0148  0.0107  0.0411  0.9767  0.1999  0.0957  0.0306  0.2930
  24  0.1402  0.0730  0.0063  0.0143  0.0122  0.0407  0.9761  0.2024  0.0999  0.0315  0.2912
  25  0.1389  0.0725  0.0069  0.0163  0.0140  0.0406  0.9781  0.2060  0.0972  0.0301  0.2917
  26  0.1364  0.0761  0.0068  0.0130  0.0147  0.0441  0.9750  0.2033  0.0948  0.0285  0.2932
  27  0.1363  0.0786  0.0082  0.0151  0.0153  0.0463  0.9812  0.2048  0.0921  0.0291  0.2963
  28  0.1339  0.0796  0.0069  0.0145  0.0171  0.0539  0.9840  0.2069  0.0884  0.0310  0.2958
  29  0.1305  0.0847  0.0085  0.0156  0.0150  0.0565  0.9853  0.2108  0.0883  0.0348  0.2913
  30  0.1276  0.0846  0.0087  0.0156  0.0124  0.0569  0.9906  0.2103  0.0888  0.0282  0.2906
  31  0.1238  0.0827  0.0080  0.0176  0.0158  0.0603  0.9893  0.2130  0.0886  0.0267  0.2899
  32  0.1210  0.0770  0.0100  0.0174  0.0171  0.0605  0.9918  0.2194  0.0885  0.0290  0.2966
  33  0.1187  0.0773  0.0107  0.0185  0.0164  0.0598  0.9913  0.2219  0.0878  0.0299  0.2996
  34  0.1158  0.0758  0.0095  0.0171  0.0140  0.0573  0.9951  0.2252  0.0877  0.0324  0.3007
  35  0.1131  0.0785  0.0121  0.0212  0.0153  0.0587  0.9946  0.2275  0.0886  0.0303  0.3019
  36  0.1122  0.0777  0.0109  0.0218  0.0127  0.0596  0.9941  0.2355  0.0893  0.0283  0.3032
  37  0.1072  0.0748  0.0119  0.0230  0.0139  0.0585  0.9989  0.2410  0.0910  0.0281  0.3086
  38  0.1028  0.0746  0.0094  0.0226  0.0179  0.0600  1.0018  0.2489  0.0894  0.0280  0.3093
  39  0.0990  0.0747  0.0085  0.0216  0.0202  0.0572  1.0025  0.2566  0.0881  0.0277  0.3119
  40  0.0972  0.0720  0.0094  0.0201  0.0221  0.0575  1.0000  0.2602  0.0866  0.0225  0.3188
  41  0.0910  0.0694  0.0116  0.0167  0.0212  0.0590  0.9977  0.2646  0.0859  0.0206  0.3350
  42  0.0881  0.0635  0.0127  0.0144  0.0243  0.0575  0.9993  0.2765  0.0842  0.0192  0.3470
  43  0.0777  0.0648  0.0107  0.0142  0.0227  0.0554  1.0009  0.2916  0.0783  0.0182  0.3636
  44  0.0751  0.0614  0.0109  0.0140  0.0234  0.0511  0.9961  0.3049  0.0730  0.0199  0.3763
  45  0.0672  0.0573  0.0062  0.0126  0.0243  0.0472  0.9971  0.3239  0.0715  0.0206  0.3870
  46  0.0605  0.0557  0.0099  0.0120  0.0209  0.0449  0.9990  0.3487  0.0693  0.0166  0.3983
  47  0.0558  0.0487  0.0070  0.0078  0.0213  0.0421  1.0022  0.3729  0.0685  0.0143  0.4193
  48  0.0541  0.0413  0.0061  0.0081  0.0214  0.0373  1.0017  0.3980  0.0627  0.0150  0.4442
  49  0.0473  0.0383  0.0069  0.0082  0.0187  0.0349  1.0021  0.4264  0.0628  0.0124  0.4633
  50  0.0406  0.0333  0.0086  0.0041  0.0166  0.0321  1.0035  0.4560  0.0572  0.0091  0.4903
  51  0.0375  0.0293  0.0067  0.0051  0.0111  0.0277  1.0031  0.4869  0.0538  0.0077  0.5204
  52  0.0345  0.0260  0.0056  0.0032  0.0092  0.0229  1.0014  0.5207  0.0548  0.0092  0.5525
  53  0.0355  0.0241  0.0018  0.0041  0.0093  0.0204  0.9994  0.5490  0.0520  0.0077  0.5806
  54  0.0338  0.0206  0.0042  0.0010  0.0103  0.0208  0.9973  0.5815  0.0465  0.0034  0.6118
  55  0.0295  0.0149  0.0014  0.0002  0.0086  0.0173  0.9992  0.6120  0.0456  0.0037  0.6484
  56  0.0271  0.0161 -0.0009  0.0042  0.0087  0.0183  0.9966  0.6404  0.0462  0.0017  0.6776
  57  0.0234  0.0168 -0.0031  0.0043  0.0105  0.0146  0.9972  0.6661  0.0422  0.0024  0.7058
  58  0.0197  0.0159 -0.0013  0.0039  0.0117  0.0134  0.9977  0.6918  0.0429  0.0049  0.7283
  59  0.0190  0.0129 -0.0024  0.0057  0.0121  0.0116  0.9980  0.7171  0.0406  0.0068  0.7472
  60  0.0188  0.0127 -0.0019  0.0055  0.0136  0.0106  0.9989  0.7410  0.0410  0.0035  0.7613
  61  0.0136  0.0091 -0.0000  0.0055  0.0110  0.0114  1.0007  0.7634  0.0377  0.0030  0.7768
  62  0.0130  0.0047  0.0062  0.0049  0.0092  0.0106  1.0040  0.7838  0.0360  0.0054  0.7941
  63  0.0121  0.0046  0.0084  0.0015  0.0085  0.0119  1.0038  0.8002  0.0354  0.0076  0.8068
  64  0.0067  0.0030  0.0063  0.0018  0.0057  0.0093  1.0053  0.8150  0.0358  0.0093  0.8085
  65  0.0036  0.0040  0.0098  0.0048  0.0029  0.0103  1.0043  0.8335  0.0347  0.0092  0.8087
  66  0.0022  0.0014  0.0081  0.0054  0.0016  0.0070  1.0051  0.8450  0.0368  0.0106  0.8054
  67  0.0035  0.0008  0.0072  0.0045 -0.0017  0.0118  1.0106  0.8645  0.0355  0.0123  0.7970
  68  0.0019 -0.0007  0.0076  0.0025 -0.0015  0.0157  1.0082  0.8786  0.0353  0.0115  0.7900
  69 -0.0005  0.0007  0.0056  0.0028 -0.0028  0.0182  1.0054  0.8891  0.0327  0.0156  0.7795
  70  0.0001  0.0043  0.0040  0.0038 -0.0027  0.0153  1.0046  0.9017  0.0336  0.0166  0.7638
  71  0.0010  0.0058  0.0050  0.0017  0.0019  0.0136  1.0057  0.9121  0.0304  0.0145  0.7487
  72 -0.0005  0.0014  0.0029  0.0017  0.0003  0.0109  1.0029  0.9236  0.0279  0.0121  0.7384
  73 -0.0007  0.0043 -0.0017  0.0010  0.0004  0.0126  1.0038  0.9318  0.0295  0.0122  0.7401
  74  0.0017  0.0049 -0.0038  0.0020 -0.0004  0.0123  1.0060  0.9391  0.0310  0.0104  0.7420
  75  0.0020  0.0058 -0.0027  0.0012 -0.0029  0.0137  1.0065  0.9440  0.0288  0.0112  0.7460
  76  0.0056  0.0060 -0.0008 -0.0000 -0.0048  0.0128  1.0063  0.9488  0.0278  0.0064  0.7508
  77  0.0010  0.0034  0.0003 -0.0009 -0.0041  0.0157  1.0050  0.9543  0.0263  0.0042  0.7670
  78 -0.0035  0.0037 -0.0005 -0.0013 -0.0014  0.0136  1.0037  0.9554  0.0244  0.0030  0.7852
  79 -0.0036  0.0011 -0.0017  0.0015 -0.0033  0.0083  1.0048  0.9596  0.0232  0.0023  0.8049
  80 -0.0045  0.0013 -0.0018  0.0058 -0.0019  0.0051  1.0035  0.9609  0.0182  0.0031  0.8223
  81 -0.0054  0.0006  0.0006  0.0042  0.0025  0.0081  1.0022  0.9671  0.0173  0.0013  0.8407
  82 -0.0044 -0.0017  0.0009  0.0039  0.0020  0.0053  1.0022  0.9687  0.0191  0.0033  0.8540
  83 -0.0062 -0.0005  0.0028  0.0042 -0.0001  0.0053  1.0035  0.9725  0.0186  0.0011  0.8643
  84 -0.0032 -0.0016  0.0028  0.0041 -0.0030  0.0062  1.0058  0.9703  0.0221  0.0036  0.8738
  85 -0.0008 -0.0045  0.0032  0.0015 -0.0052  0.0076  1.0098  0.9704  0.0200  0.0038  0.8789
  86 -0.0009 -0.0052  0.0032  0.0030 -0.0049  0.0053  1.0059  0.9697  0.0174  0.0017  0.8827
  87 -0.0004 -0.0044  0.0010  0.0014 -0.0041  0.0082  1.0084  0.9742  0.0192  0.0018  0.8915
  88  0.0004 -0.0036 -0.0013 -0.0013 -0.0069  0.0088  1.0077  0.9741  0.0203 -0.0020  0.9007
  89  0.0016 -0.0057 -0.0028 -0.0019 -0.0092  0.0088  1.0056  0.9772  0.0227 -0.0029  0.9079
  90  0.0043 -0.0044 -0.0029 -0.0042 -0.0110  0.0089  1.0077  0.9774  0.0187 -0.0027  0.9122
  91  0.0029 -0.0048 -0.0007 -0.0074 -0.0067  0.0103  1.0058  0.9793  0.0164 -0.0001  0.9190
  92  0.0046 -0.0024  0.0024 -0.0066 -0.0074  0.0084  1.0077  0.9780  0.0156  0.0033  0.9253
  93  0.0057  0.0025  0.0060 -0.0083 -0.0069  0.0096  1.0043  0.9815  0.0139 -0.0000  0.9315
  94  0.0058 -0.0008  0.0053 -0.0048 -0.0079  0.0051  1.0027  0.9819  0.0128 -0.0021  0.9381
  95  0.0049  0.0001  0.0076 -0.0053 -0.0099  0.0030  1.0040  0.9834  0.0174  0.0006  0.9442
  96  0.0026  0.0016  0.0087 -0.0013 -0.0097 -0.0002  1.0010  0.9825  0.0152 -0.0037  0.9445
  97  0.0010 -0.0015  0.0051 -0.0056 -0.0109 -0.0001  0.9991  0.9858  0.0147  0.0001  0.9469
  98  0.0017 -0.0009  0.0059 -0.0041 -0.0127  0.0027  1.0012  0.9888  0.0157  0.0004  0.9482
  99  0.0033  0.0025  0.0038 -0.0023 -0.0113  0.0005  0.9991  0.9893  0.0158 -0.0009  0.9526
 100  0.0022 -0.0025  0.0025 -0.0013 -0.0115 -0.0025  1.0013  0.9851  0.0158 -0.0003  0.9539
 101  0.0027 -0.0007  0.0033 -0.0021 -0.0107 -0.0073  0.9994  0.9876  0.0167  0.0040  0.9537
 102  0.0010 -0.0020  0.0027 -0.0006 -0.0094 -0.0082  0.9983  0.9895  0.0161  0.0061  0.9528
 103 -0.0018  0.0012  0.0018  0.0010 -0.0121 -0.0074  0.9983  0.9941  0.0151  0.0051  0.9486
 104 -0.0016 -0.0011  0.0026 -0.0014 -0.0084 -0.0067  1.0020  0.9956  0.0121  0.0063  0.9434
 105 -0.0007 -0.0027 -0.0022 -0.0006 -0.0084 -0.0050  1.0045  1.0011  0.0128  0.0055  0.9396
 106 -0.0002 -0.0030 -0.0008 -0.0023 -0.0017 -0.0051  1.0037  1.0037  0.0119  0.0047  0.9403
 107 -0.0000 -0.0031 -0.0037 -0.0025 -0.0061 -0.0018  1.0033  1.0054  0.0141  0.0054  0.9383
 108  0.0010 -0.0060 -0.0048 -0.0004 -0.0048 -0.0024  1.0029  1.0067  0.0164  0.0070  0.9398
 109  0.0010 -0.0050 -0.0075 -0.0036 -0.0073  0.0003  1.0010  1.0062  0.0178  0.0050  0.9357
 110  0.0013 -0.0048 -0.0074 -0.0052 -0.0027 -0.0005  0.9988  1.0052  0.0160  0.0050  0.9303
 111  0.0031 -0.0044 -0.0053  0.0004 -0.0020  0.0006  0.9990  1.0037  0.0170  0.0060  0.9304
 112  0.0040 -0.0049 -0.0044  0.0020 -0.0009 -0.0012  1.0010  1.0015  0.0203  0.0063  0.9264
 113  0.0024 -0.0035 -0.0028  0.0016 -0.0004 -0.0013  1.0027  1.0006  0.0214  0.0027  0.9278
 114  0.0036 -0.0006 -0.0018  0.0002 -0.0010  0.0011  1.0038  1.0032  0.0185  0.0014  0.9326
 115  0.0036 -0.0017 -0.0026  0.0049 -0.0051  0.0024  1.0048  1.0039  0.0179 -0.0011  0.9367
 116  0.0036 -0.0032 -0.0034  0.0032 -0.0023  0.0036  1.0062  1.0058  0.0195 -0.0015  0.9401
 117  0.0018 -0.0049  0.0001  0.0010  0.0000  0.0044  1.0066  1.0055  0.0204 -0.0021  0.9432
 118 -0.0000 -0.0055 -0.0014 -0.0013 -0.0025  0.0020  1.0021  1.0051  0.0189 -0.0044  0.9453
 119 -0.0035 -0.0040 -0.0032 -0.0007 -0.0018 -0.0000  1.0024  1.0047  0.0187 -0.0066  0.9389
 120 -0.0071 -0.0056 -0.0025  0.0002 -0.0020 -0.0040  1.0032  1.0047  0.0155 -0.0102  0.9278
 121 -0.0053 -0.0073 -0.0031  0.0033  0.0006 -0.0011  1.0012  1.0025  0.0137 -0.0045  0.9215
 122 -0.0010 -0.0068 -0.0031  0.0045 -0.0015 -0.0032  0.9998  1.0044  0.0113 -0.0052  0.9236
 123 -0.0017 -0.0023 -0.0046  0.0052  0.0033 -0.0023  0.9987  1.0078  0.0105 -0.0070  0.9217
 124 -0.0025  0.0006 -0.0001  0.0069  0.0048 -0.0008  0.9951  1.0050  0.0144 -0.0072  0.9174
 125 -0.0014  0.0029 -0.0026  0.0083  0.0030  0.0000  0.9967  1.0052  0.0130 -0.0051  0.9144
 126  0.0001  0.0038 -0.0015  0.0065  0.0026  0.0015  0.9945  1.0036  0.0144 -0.0030  0.9207
 127  0.0019  0.0020  0.0014  0.0059  0.0048  0.0008  0.9966  1.0070  0.0151 -0.0008  0.9236
 128  0.0013  0.0018 -0.0016  0.0077  0.0045 -0.0000  0.9966  1.0074  0.0135 -0.0022  0.9318
 129  0.0014 -0.0000 -0.0017  0.0060  0.0053  0.0002  0.9890  1.0061  0.0140 -0.0034  0.9351
 130  0.0012  0.0023  0.0008  0.0046  0.0053  0.0032  0.9867  1.0054  0.0131 -0.0067  0.9380
 131  0.0045  0.0011  0.0021  0.0024  0.0070  0.0006  0.9872  1.0040  0.0125 -0.0076  0.9325
 132  0.0077  0.0017  0.0034  0.0055  0.0049 -0.0010  0.9914  1.0053  0.0113 -0.0099  0.9200
 133  0.0061 -0.0006  0.0036  0.0096  0.0063 -0.0023  0.9914  1.0067  0.0126 -0.0062  0.9187
 134  0.0046 -0.0029  0.0047  0.0083  0.0047 -0.0058  0.9915  1.0034  0.0144 -0.0047  0.9198
 135  0.0025 -0.0020  0.0026  0.0064  0.0047 -0.0078  0.9926  1.0030  0.0153 -0.0054  0.9198
 136 -0.0023 -0.0027  0.0013  0.0059  0.0014 -0.0077  0.9938  1.0012  0.0143 -0.0046  0.9246
 137  0.0004 -0.0045  0.0011  0.0046  0.0035 -0.0082  0.9927  1.0007  0.0133 -0.0049  0.9222
 138 -0.0006 -0.0044  0.0010  0.0071  0.0049 -0.0112  0.9953  1.0034  0.0123 -0.0061  0.9246
 139 -0.0025 -0.0051 -0.0003  0.0076  0.0030 -0.0067  0.9932  1.0029  0.0140 -0.0055  0.9267
 140 -0.0038 -0.0068  0.0007  0.0066 -0.0003 -0.0066  0.9921  1.0051  0.0130 -0.0046  0.9243
 141 -0.0023 -0.0119  0.0046  0.0063  0.0037 -0.0059  0.9913  1.0040  0.0146 -0.0022  0.9326
 142 -0.0034 -0.0117  0.0020  0.0028  0.0030 -0.0026  0.9923  1.0021  0.0158 -0.0021  0.9364
 143 -0.0047 -0.0134  0.0031  0.0018  0.0046 -0.0006  0.9908  0.9996  0.0136 -0.0015  0.9376
 144 -0.0035 -0.0163  0.0017  0.0016  0.0035 -0.0008  0.9938  0.9976  0.0130  0.0009  0.9446
 145 -0.0020 -0.0149 -0.0009  0.0021  0.0013 -0.0018  0.9938  0.9941  0.0150 -0.0055  0.9497
 146 -0.0036 -0.0151  0.0024 -0.0013  0.0012  0.0004  0.9976  0.9917  0.0123 -0.0032  0.9441
 147 -0.0032 -0.0116  0.0010  0.0008 -0.0024  0.0006  1.0010  0.9934  0.0108 -0.0065  0.9492
 148 -0.0023 -0.0083  0.0027  0.0005  0.0006 -0.0014  1.0014  0.9927  0.0136 -0.0067  0.9400
 149 -0.0010 -0.0060  0.0022  0.0034 -0.0011 -0.0018  0.9997  0.9933  0.0132 -0.0049  0.9404
 150 -0.0024 -0.0073 -0.0011  0.0036 -0.0024 -0.0008  0.9975  0.9958  0.0165 -0.0064  0.9398
 151  0.0007 -0.0051  0.0008  0.0036 -0.0030 -0.0012  1.0006  0.9932  0.0161 -0.0076  0.9372
 152 -0.0008 -0.0076  0.0025  0.0028 -0.0048 -0.0003  1.0016  0.9920  0.0150 -0.0095  0.9325
 153 -0.0029 -0.0045  0.0027  0.0051 -0.0046 -0.0039  0.9989  0.9913  0.0177 -0.0087  0.9232
 154  0.0002 -0.0020  0.0061  0.0048 -0.0043 -0.0016  0.9989  0.9911  0.0152 -0.0072  0.9160
 155 -0.0010 -0.0020  0.0015  0.0029 -0.0055 -0.0004  0.9990  0.9915  0.0107 -0.0076  0.9119
 156  0.0028 -0.0030  0.0009  0.0049 -0.0073  0.0020  1.0000  0.9946  0.0127 -0.0082  0.9095
 157  0.0030 -0.0035  0.0008  0.0052 -0.0066  0.0001  1.0014  0.9977  0.0125 -0.0046  0.9069
 158  0.0063 -0.0023 -0.0005  0.0081 -0.0046 -0.0006  0.9983  0.9970  0.0109 -0.0030  0.9118
 159  0.0049  0.0002 -0.0013  0.0054 -0.0036  0.0009  1.0011  0.9967  0.0066 -0.0033  0.9177
