   0  0.8052  0.7880
   1  0.7378  0.7237
   2  0.6568  0.6589
   3  0.5926  0.5886
   4  0.5454  0.5314
   5  0.4869  0.4905
   6  0.4490  0.4493
   7  0.4000  0.4066
   8  0.3722  0.3757
   9  0.3355  0.3014
  10  0.3004  0.3247
  11  0.2922  0.2865
  12  0.2728  0.2553
  13  0.2533  0.2504
  14  0.2341  0.2504
  15  0.2275  0.2192
  16  0.2160  0.2120
  17  0.2164  0.2017
  18  0.2030  0.1865
  19  0.2145  0.1973
  20  0.1901  0.1991
  21  0.1857  0.1772
  22  0.2140  0.1781
  23  0.1823  0.1899
  24  0.1820  0.1734
  25  0.2038  0.1831
  26  0.1878  0.1833
  27  0.2071  0.1546
  28  0.1868  0.1561
  29  0.1931  0.1545
  30  0.1971  0.1606
  31  0.2048  0.1480
  32  0.2007  0.1665
  33  0.2005  0.1567
  34  0.2335  0.1688
  35  0.1923  0.1687
  36  0.2037  0.1463
  37  0.2114  0.1620
  38  0.2258  0.1510
  39  0.2349  0.1464
  40  0.2294  0.1453
  41  0.2369  0.1557
  42  0.2425  0.1334
  43  0.2240  0.1440
  44  0.2479  0.1287
  45  0.2506  0.1361
  46  0.2693  0.1287
  47  0.2716  0.1226
  48  0.2859  0.1214
  49  0.2877  0.1017
  50  0.2892  0.1042
  51  0.2916  0.0954
  52  0.3211  0.0971
  53  0.3365  0.0777
  54  0.3389  0.0806
  55  0.3828  0.0666
  56  0.3880  0.0715
  57  0.4092  0.0604
  58  0.4341  0.0590
  59  0.4671  0.0591
  60  0.4888  0.0547
  61  0.5179  0.0392
  62  0.5429  0.0457
  63  0.5542  0.0351
  64  0.5775  0.0466
  65  0.6189  0.0559
  66  0.6583  0.0100
  67  0.6781  0.0164
  68  0.6738  0.0121
  69  0.7266  0.0161
  70  0.7365  0.0267
  71  0.7676  0.0108
  72  0.7802  0.0189
  73  0.7919  0.0223
  74  0.7964  0.0000
  75  0.8168  0.0206
  76  0.8357 -0.0017
  77  0.8590  0.0064
  78  0.8631 -0.0063
  79  0.8778  0.0118
  80  0.8959  0.0151
  81  0.8889  0.0045
  82  0.8988 -0.0017
  83  0.9048  0.0015
  84  0.9058  0.0184
  85  0.9106  0.0078
  86  0.9427  0.0061
  87  0.9504 -0.0172
  88  0.9399 -0.0146
  89  0.9312 -0.0045
  90  0.9287  0.0014
  91  0.9580 -0.0219
  92  0.9492  0.0117
  93  0.9513 -0.0021
  94  0.9775 -0.0108
  95  0.9771  0.0123
  96  0.9576  0.0039
  97  0.9823 -0.0137
  98  0.9726  0.0075
  99  0.9791 -0.0249
   0  0.7856  0.7909
   1  0.7232  0.7316
   2  0.6652  0.6568
   3  0.5844  0.5871
   4  0.5261  0.5367
   5  0.4828  0.4746
   6  0.4317  0.4340
   7  0.3951  0.4049
   8  0.3363  0.3738
   9  0.3265  0.3413
  10  0.3014  0.3120
  11  0.2903  0.2915
  12  0.2452  0.2735
  13  0.2541  0.2485
  14  0.2376  0.2455
  15  0.2073  0.2364
  16  0.2148  0.2256
  17  0.2077  0.2291
  18  0.2010  0.2009
  19  0.1830  0.2009
  20  0.1730  0.1904
  21  0.1850  0.1854
  22  0.1864  0.1781
  23  0.1844  0.2072
  24  0.1840  0.1829
  25  0.1703  0.1929
  26  0.1910  0.1755
  27  0.1793  0.1873
  28  0.1672  0.1985
  29  0.1709  0.1870
  30  0.1602  0.1806
  31  0.1674  0.1905
  32  0.1586  0.1792
  33  0.1521  0.1885
  34  0.1617  0.1938
  35  0.1813  0.1820
  36  0.1710  0.1927
  37  0.1813  0.1973
  38  0.1668  0.1812
  39  0.1697  0.1911
  40  0.1802  0.1937
  41  0.1641  0.2023
  42  0.1605  0.1742
  43  0.1634  0.2003
  44  0.1485  0.2187
  45  0.1607  0.1984
  46  0.1578  0.2125
  47  0.1378  0.2091
  48  0.1630  0.2080
  49  0.1525  0.2239
  50  0.1459  0.2286
  51  0.1377  0.2348
  52  0.1228  0.2197
  53  0.1515  0.2485
  54  0.1118  0.2391
  55  0.1275  0.2648
  56  0.1248  0.2458
  57  0.1199  0.2800
  58  0.1128  0.2795
  59  0.0929  0.2965
  60  0.1039  0.3032
  61  0.0973  0.3214
  62  0.0875  0.3213
  63  0.0771  0.3611
  64  0.0652  0.3762
  65  0.0894  0.3851
  66  0.0579  0.4128
  67  0.0593  0.4368
  68  0.0598  0.4614
  69  0.0671  0.5108
  70  0.0523  0.5170
  71  0.0545  0.5370
  72  0.0182  0.5819
  73  0.0376  0.6036
  74  0.0318  0.6148
  75  0.0389  0.6596
  76  0.0265  0.6772
  77  0.0222  0.7121
  78  0.0297  0.7199
  79  0.0300  0.7359
  80  0.0108  0.7798
  81  0.0335  0.7786
  82  0.0247  0.8034
  83  0.0248  0.8071
  84 -0.0007  0.8537
  85  0.0087  0.8359
  86  0.0065  0.8508
  87 -0.0025  0.8516
  88  0.0052  0.8746
  89  0.0136  0.8971
  90  0.0023  0.8802
  91  0.0133  0.9154
  92  0.0067  0.9180
  93  0.0115  0.9287
  94  0.0010  0.9201
  95  0.0070  0.9266
  96  0.0115  0.9389
  97  0.0145  0.9367
  98  0.0012  0.9513
  99  0.0075  0.9499
